ambient[]={0.868000,0.868000,0.868000,1.000000};
diffuse[]={0.868000,0.868000,0.868000,1.000000};
forcedDiffuse[]={0.000000,0.000000,0.000000,0.000000};
emmisive[]={0.000000,0.000000,0.000000,1.000000};
specular[]={0.125000,0.125000,0.125000,1.000000};
specularPower=28.299999;
PixelShaderID="Normal";
VertexShaderID="Basic";
